1330550774825447424
1330550774825447424
1330550774825447424
1330550774825447424
1330550774825447424
1330550774825447424
1330550774825447424
1330550774825447424
1330550774825447424
1330550774825447424
1330550774825447424
1330550774825447424
1330550774825447424
1330550774825447424
1330550774825447424
1330550774825447424
1330550774825447424
1330550774825447424
1330550774825447424
1330550774825447424
1330550774825447424
1332674938734596098
1332674938734596098
1332675558694641667
1332675558694641667
1332676440152813573
1332676789454442497
1332677328967770116
1332678260954705920
1332678416743751680
1332678416743751680
