13295645242451148811329564524245114881132956452424511488113295645242451148811329564524245114881132956452424511488113295645242451148811329564524245114881132956452424511488113295645242451148811329878467526217733
1329878467526217733
1329878467526217733
1329562425490812930
1329562425490812930
1329562425490812930
1329562425490812930
1329562425490812930
1329562425490812930
1329562425490812930
1329562425490812930
1329562425490812930
1329562425490812930
1329562425490812930
1329562425490812930
1329562425490812930
1329562425490812930
1329562425490812930
1329562425490812930
1329562425490812930
1329562425490812930
1329562425490812930
1329562425490812930
1329562425490812930
1329562425490812930
1329562425490812930
1329562425490812930
1329562425490812930
1329562425490812930
1329562425490812930
1329562425490812930
1329562425490812930
1329562425490812930
1329562425490812930
1329562425490812930
1329562425490812930
1329562425490812930
1329562425490812930
1329562425490812930
1329562425490812930
1329562425490812930
1329562425490812930
1329562425490812930
1329562425490812930
1329562425490812930
1329562425490812930
1329562425490812930
1329562425490812930
1329562425490812930
1329562425490812930
1329562425490812930
1329562425490812930
1329562425490812930
1329562425490812930
1329562425490812930
1329562425490812930
1329562425490812930
1329562425490812930
1329562425490812930
1329562425490812930
1329562425490812930
1329562425490812930
1329562425490812930
1329562425490812930
1329562425490812930
1329562425490812930
1329562425490812930
1329562425490812930
1329562425490812930
1329562425490812930
1329562425490812930
1329562425490812930
1329562425490812930
1329562425490812930
1329562425490812930
1329562425490812930
1329562425490812930
1329562425490812930
